>seq 0
0.0004	0.0004	0.0004	0.0004	0.0026	0.0241	0.2607	0.2852	0.3229	0.2666	0.4279	0.4910	0.5113	0.4392	0.4215	0.3670	0.3706	0.1581	0.0632	0.0256
>seq 1
0.4483	0.4487	0.4479	0.4490	0.0363	0.1629	0.1627	0.1628	0.1665	0.1618	0.2689	0.3801	0.3795	0.3833	0.2254	0.0247	0.0236	0.0238	0.0080	0.0033
>seq 2
0.0435	0.0438	0.0591	0.9072	0.9113	0.9383	0.9921	0.9924	0.9911	0.9912	0.9358	0.0568	0.0478	0.0479	0.0443	0.0085	0.0080	0.0079	0.0062	0.0003
>seq 3
0.0129	0.0129	0.0016	0.0000	0.0000	0.0000	0.0000	0.0000	0.0000	0.0001	0.0077	0.9999	1.0000	1.0000	1.0000	1.0000	0.0077	0.0001	0.0000	0.0000
>seq 4
0.0027	0.0032	0.0030	0.0033	0.0117	0.0136	0.0367	0.8483	0.8484	0.9678	0.9695	0.9816	0.9843	0.7542	0.7387	0.0191	0.0196	0.0212	0.0212	0.0204
