>seq 0
0.0001	0.0001	0.0004	0.0005	0.0103	0.1939	0.2068	0.2122	0.1984	0.1774	0.1776	0.1846	0.1864	0.2471	0.1907	0.2367	0.3206	0.2104	0.1080	0.4533
>seq 1
0.1136	0.2654	0.2899	0.3796	0.1931	0.1004	0.3358	0.0578	0.2821	0.2544	0.4197	0.4374	0.4376	0.4366	0.0007	0.0292	0.0464	0.5888	0.3677	0.5684
>seq 2
0.8976	0.0362	0.0823	0.0799	0.0030	0.0023	0.0020	0.0021	0.0020	0.0021	0.0009	0.0030	0.0848	0.8907	0.8417	0.0053	0.0019	0.0219	0.0549	0.0006
>seq 3
0.2656	0.1327	0.0817	0.3964	0.2946	0.2942	0.0009	0.0003	0.0018	0.0006	0.0001	0.0000	0.0000	0.0000	0.0000	0.0000	0.0000	0.0006	0.0019	0.0003
>seq 4
0.0031	0.8775	0.8269	0.8953	0.0407	0.0287	0.0212	0.1262	0.0194	0.0099	0.0007	0.0010	0.0090	0.0086	0.1310	0.0031	0.1314	0.1009	0.8953	0.8319
