>seq 0
0.0000	0.0000	0.0004	0.0015	0.1699	0.4798	0.4359	0.4091	0.3906	0.1504	0.1476	0.1958	0.2087	0.1250	0.1948	0.2131	0.3000	0.2932	0.2815	0.3212
>seq 1
0.0002	0.0003	0.0002	0.0002	0.0001	0.0003	0.0003	0.0002	0.0016	0.0009	0.0011	0.0011	0.0011	0.0014	0.0006	0.0001	0.0019	0.0156	0.0144	0.0143
>seq 2
0.0573	0.0011	0.0012	0.0013	0.0003	0.0053	0.0053	0.0053	0.0032	0.0040	0.0038	0.0038	0.0017	0.0558	0.0557	0.0064	0.0064	0.0066	0.0070	0.0018
>seq 3
0.0002	0.0014	0.0020	0.0025	0.0002	0.0000	0.0000	0.0000	0.0000	0.0000	0.0000	0.0000	0.0000	0.0000	0.0000	0.0000	0.0000	0.0000	0.0000	0.0000
>seq 4
0.0001	0.0002	0.0002	0.0001	0.0001	0.0003	0.0003	0.0004	0.0017	0.0009	0.0007	0.0005	0.0006	0.0006	0.0006	0.0001	0.0004	0.0012	0.0068	0.0069
